1.177
1.839
1.817
1.807
1.800
1.816
1.584
2.121
1.991
1.728
1.680
1.784
1.712
1.872
1.720
1.824
1.736
1.712
1.920
1.728
1.800
1.816
1.664
2.000
1.640
1.823
1.816
1.633
1.799
1.824
1.648
1.969
1.631
1.881
1.960
1.695
1.825
1.720
1.679
1.977
1.695
1.761
1.695
1.824
1.800
1.688
1.936
1.785
1.631
1.744
1.728
1.936
1.800
1.784
1.864
1.704
1.904
1.752
1.744
1.832
1.776
1.544
1.888
1.624
1.680
1.848
1.864
1.800
1.864
1.736
1.719
1.809
1.984
1.759
1.592
1.672
1.673
1.936
1.816
1.711
1.825
1.744
1.744
1.695
1.857
1.718
1.847
1.801
1.752
1.776
1.768
1.744
1.743
2.000
1.809
1.535
1.864
1.704
1.888
1.776
1.800
1.720
1.704
1.800
1.816
1.912
1.696
1.784
1.728
1.728
1.672
1.816
1.800
1.753
1.735
1.752
1.863
1.817
1.784
1.696
1.791
1.785
1.728
1.743
1.768
1.672
2.025
1.751
1.778
1.807
1.743
1.769
1.751
1.600
1.960
1.760
1.808
1.768
1.776
1.680
1.808
1.760
1.784
1.752
1.696
1.912
1.808
1.680
1.920
1.592