1.152
1.528
1.487
1.545
1.519
1.449
1.560
1.407
1.511
1.577
1.472
1.432
1.496
1.463
1.505
1.424
1.392
1.464
1.415
1.457
1.424
1.448
1.416
1.392
1.520
1.320
1.473
1.462
1.344
1.449
1.424
1.359
1.512
1.377
1.360
1.424
1.383
1.328
1.441
1.399
1.441
1.383
1.377
1.407
1.368
1.296
1.520
1.312
1.384
1.408
1.392
1.376
1.312
1.401
1.391
1.321
1.415
1.392
1.400
1.392
1.360
1.304
1.480
1.360
1.336
1.408
1.440
1.264
1.432
1.311
1.449
1.328
1.408
1.392
1.280
1.480
1.360
1.280
1.400
1.383
1.345
1.400
1.407
1.305
1.328
1.336
1.400
1.375
1.448
1.321
1.391
1.393
1.335
1.392
1.344
1.416
1.344
1.376
1.312
1.376
1.400
1.377
1.367
1.313
1.319
1.400
1.408
1.360
1.296
1.408
1.448
1.264
1.408
1.360
1.320
1.400
1.344
1.456
1.288
1.304
1.336
1.384
1.328
1.407
1.385
1.360
1.384
1.328
1.399
1.392
1.352
1.368
1.376
1.336
1.400
1.313
1.463
1.320
1.345
1.280
1.495
1.344
1.256
1.465
1.263
1.472
1.264
1.409
1.367
1.417