1.536
2.168
2.032
2.016
2.048
2.016
1.936
2.016
1.968
2.000
2.008
1.824
1.952
2.024
1.888
1.936
1.912
1.943
1.921
1.967
1.928
1.864
1.928
1.929
1.831
1.864
1.985
1.775
1.896
1.993
1.791
1.857
1.815
1.937
1.848
1.800
1.927
1.817
1.847
1.816
1.872
1.896
1.776
1.896
1.759
1.937
1.728
1.856
1.824
1.856
1.863
1.881
1.856
1.799
1.817
1.856
1.712
1.816
1.872
1.823
1.793
1.831
1.857
1.776
1.792
1.856
1.831
1.792
1.776
1.801
1.759
1.936
1.793
1.847
1.784
1.784
1.800
1.784
1.784
1.793
1.847
1.816
1.760
1.800
1.840
1.760
1.834
1.878
1.728
1.816
1.832
1.752
1.839
1.745
1.800
1.736
1.824
1.800
1.783
1.849
1.760
1.735
1.873
1.855
1.681
1.856
1.719
1.904
1.785
1.719
1.848
1.704
1.808
1.824
1.760
1.712
1.841
1.631
1.952
1.712
1.808
1.752
1.792
1.752
1.888
1.744
1.680
1.904
1.720
1.839
1.784
1.809
1.688
1.776
1.872
1.768
1.888
1.640
1.903
1.713
1.776
1.711
1.784
1.809
1.839
1.689
1.791
1.768
1.801
1.935